0010001110101001000101110000000000000110
0010001110101001000101110000000000000111
001000111010100100000101000000000000010
001000111010100100000101000000000000011
0010001110101001000001010000000000001
0010001110101001000101110000000000001
001000111010100100000101000000000001
001000111010100100010111000000000001
00100011101010010000010100000000001
1101101
11001
00100011101010010001011100000000001
0010001110101001000001010000000001
11010
0010001110101001000101110000000001
001000111010100100000101000000001
001000111010100100010111000000001
00100011101010010000010100000001
00100011101010010001011100000001
0010001110101001000001010000001
0010001110101001000101110000001
001000111010100100000101000001
001000111010100100010111000001
00100011101010010000010100001
00100011101010010001011100001
0010001110101001000001010001
0010001110101001000101110001
001000111010100100000101001
001000111010100100010111001
00100011101010010000010101
00100011101010010001011101
0010001110101001000001011
01
001000111010100110
0010111011
0010001110101001000101111
00100011101010010000011
001000111010100100001
00011010001
0010001111
11111011001
11111011000
00100011101011
00100011101010111
00010110
00011110
100001
00010111000
0010000
00011011
000101111
0000011011
11000010
11111010
001000110
11011001
0000011010
0000011101
111110111
00011111100
001000111010100111
001000111010100101
00100011101010000
00100011101010110
001000111010100100011
1101110
000110101
00101010
11011000
000001111
0001101001
0001011101
110000110
00101011
00011111101
110000111
00100010
000111110
1100000
00101111
001011100
0010001110100
1111100
1100011
000001100
0000011100
000110100001
0010111010
0010001110111
00010111001
0010001110110
0010001110101001000100
0010001110101001000000
00100011101010010001010
0010001110101010
001000111010100100010110
001000111010100100000100
000010
100000
10001
0000010
0011
0001100
111111
11110
1110
00100011100
1100010
000100
0001110
000000
1011
0001010
1111101101
1010
1001
000011
001001
1101111
0010100
0001111111
0010110
000110100000
00100011101010010001011100000000000000
00100011101010010000010100000000000000
001000111010100100010111000000000000010
0010001110101001001
00100011101010001
