0.000000
0.000000
0.000000
0.000000
0.000000
0.000000
0.000000
0.000000
0.000000
0.005848
0.023388
0.000000
0.000000
0.023388
0.000000
0.000000
0.000000
0.000000
0.000000
0.000000
0.000000
0.000000
0.000000
0.000000
0.000000
0.000000
0.000000
0.000000
0.000000
0.000000
0.000000
0.000000
0.155902
0.000001
0.001310
0.000000
0.000000
0.000000
0.000966
0.001131
0.000355
0.000354
0.000093
0.000003
0.007361
0.008058
0.010657
0.000851
0.008380
0.007766
0.003797
0.003341
0.002664
0.003043
0.002111
0.002962
0.003302
0.003482
0.001571
0.000968
0.000001
0.000001
0.000001
0.000002
0.000000
0.005951
0.003896
0.004668
0.002788
0.006907
0.001924
0.001872
0.001337
0.004711
0.001045
0.001446
0.004302
0.003985
0.005375
0.004994
0.002343
0.000106
0.006138
0.005662
0.006399
0.003386
0.000487
0.001159
0.000200
0.000898
0.000123
0.000000
0.000000
0.000000
0.000005
0.000000
0.000000
0.055118
0.010031
0.020823
0.026331
0.075459
0.014836
0.012816
0.023871
0.047158
0.000524
0.005620
0.027919
0.015620
0.049344
0.045477
0.014516
0.000830
0.043933
0.042483
0.056614
0.018395
0.005969
0.009057
0.002094
0.009566
0.000430
0.000000
0.000000
0.000000
0.000001
0.000002
